# Single SKU Max Power Table
# | CCK 1~11  | |    OFDM 6 ~ 54      | |             HT20 MCS 0 ~ 15                 | |             HT40 MCS 0 ~ 15                 |
ch1 21 21 21 21 19 19 19 19 19 19 19 19 15 15 15 15 15 15 15 15 15 15 15 15 15 15 15 15
ch2 21 21 21 21 20 20 20 20 20 20 20 20 15 15 15 15 15 15 15 15 15 15 15 15 15 15 15 15
ch3 21 21 21 21 20 20 20 20 20 20 20 20 15 15 15 15 15 15 15 15 15 15 15 15 15 15 15 15 15 15 15 15 15 15 15 15 15 15 15 15 15 15 15 15
ch4 21 21 21 21 20 20 20 20 20 20 20 20 15 15 15 15 15 15 15 15 15 15 15 15 15 15 15 15 15 15 15 15 15 15 15 15 15 15 15 15 15 15 15 15
ch5 21 21 21 21 20 20 20 20 20 20 20 20 15 15 15 15 15 15 15 15 15 15 15 15 15 15 15 15 15 15 15 15 15 15 15 15 15 15 15 15 15 15 15 15
ch6 21 21 21 21 20 20 20 20 20 20 20 20 15 15 15 15 15 15 15 15 15 15 15 15 15 15 15 15 15 15 15 15 15 15 15 15 15 15 15 15 15 15 15 15
ch7 21 21 21 21 20 20 20 20 20 20 20 20 15 15 15 15 15 15 15 15 15 15 15 15 15 15 15 15 15 15 15 15 15 15 15 15 15 15 15 15 15 15 15 15
ch8 21 21 21 21 20 20 20 20 20 20 20 20 15 15 15 15 15 15 15 15 15 15 15 15 15 15 15 15 15 15 15 15 15 15 15 15 15 15 15 15 15 15 15 15
ch9 21 21 21 21 20 20 20 20 20 20 20 20 15 15 15 15 15 15 15 15 15 15 15 15 15 15 15 15 15 15 15 15 15 15 15 15 15 15 15 15 15 15 15 15
ch10 21 21 21 21 20 20 20 20 20 20 20 20 15 15 15 15 15 15 15 15 15 15 15 15 15 15 15 15
ch11 21 21 21 21 18 18 18 18 18 18 18 18 15 15 15 15 15 15 15 15 15 15 15 15 15 15 15 15
